.NAME code6hao
.INST nju
.MAIL nju
.EMAIL seishao@126.com
.PHONE 88888
.FAX 66666
.MEDIA FTP
.ALTERNATE MEDIA DLT
.ALTERNATE MEDIA DVD-R
.LABEL HELLQ03C
.QUALITY B
.END
HELL TA 2005 08 01 04 40 00.0 2005 08 01 06 03 00.0 1 BHZ
Q03C TA 2005 08 01 04 40 00.0 2005 08 01 06 03 00.0 1 BHZ
HELL TA 2005 08 03 01 23 00.0 2005 08 03 02 46 00.0 1 BHZ
Q03C TA 2005 08 03 01 23 00.0 2005 08 03 02 46 00.0 1 BHZ
HELL TA 2005 08 05 00 56 00.0 2005 08 05 02 20 00.0 1 BHZ
Q03C TA 2005 08 05 00 56 00.0 2005 08 05 02 20 00.0 1 BHZ
HELL TA 2005 08 13 06 25 00.0 2005 08 13 07 49 00.0 1 BHZ
Q03C TA 2005 08 13 06 25 00.0 2005 08 13 07 49 00.0 1 BHZ
HELL TA 2005 08 20 05 05 00.0 2005 08 20 06 28 00.0 1 BHZ
Q03C TA 2005 08 20 05 05 00.0 2005 08 20 06 28 00.0 1 BHZ
HELL TA 2005 10 02 03 15 00.0 2005 10 02 04 39 00.0 1 BHZ
Q03C TA 2005 10 02 03 15 00.0 2005 10 02 04 39 00.0 1 BHZ
HELL TA 2005 11 16 16 51 00.0 2005 11 16 18 14 00.0 1 BHZ
Q03C TA 2005 11 16 16 51 00.0 2005 11 16 18 14 00.0 1 BHZ
HELL TA 2005 12 12 21 01 00.0 2005 12 12 22 25 00.0 1 BHZ
Q03C TA 2005 12 12 21 01 00.0 2005 12 12 22 25 00.0 1 BHZ
HELL TA 2006 01 03 10 53 00.0 2006 01 03 12 16 00.0 1 BHZ
Q03C TA 2006 01 03 10 53 00.0 2006 01 03 12 16 00.0 1 BHZ
HELL TA 2006 02 21 21 00 00.0 2006 02 21 22 23 00.0 1 BHZ
Q03C TA 2006 02 21 21 00 00.0 2006 02 21 22 23 00.0 1 BHZ
HELL TA 2006 02 23 18 29 00.0 2006 02 23 19 52 00.0 1 BHZ
Q03C TA 2006 02 23 18 29 00.0 2006 02 23 19 52 00.0 1 BHZ
HELL TA 2006 04 22 02 04 00.0 2006 04 22 03 28 00.0 1 BHZ
Q03C TA 2006 04 22 02 04 00.0 2006 04 22 03 28 00.0 1 BHZ
HELL TA 2006 05 21 02 07 00.0 2006 05 21 03 30 00.0 1 BHZ
Q03C TA 2006 05 21 02 07 00.0 2006 05 21 03 30 00.0 1 BHZ
HELL TA 2006 06 05 18 02 00.0 2006 06 05 19 25 00.0 1 BHZ
Q03C TA 2006 06 05 18 02 00.0 2006 06 05 19 25 00.0 1 BHZ
HELL TA 2006 06 14 04 18 00.0 2006 06 14 05 42 00.0 1 BHZ
Q03C TA 2006 06 14 04 18 00.0 2006 06 14 05 42 00.0 1 BHZ
HELL TA 2006 06 14 04 46 00.0 2006 06 14 06 10 00.0 1 BHZ
Q03C TA 2006 06 14 04 46 00.0 2006 06 14 06 10 00.0 1 BHZ
HELL TA 2006 06 17 10 00 00.0 2006 06 17 11 23 00.0 1 BHZ
Q03C TA 2006 06 17 10 00 00.0 2006 06 17 11 23 00.0 1 BHZ
HELL TA 2006 06 25 01 46 00.0 2006 06 25 03 10 00.0 1 BHZ
Q03C TA 2006 06 25 01 46 00.0 2006 06 25 03 10 00.0 1 BHZ
HELL TA 2006 06 27 17 16 00.0 2006 06 27 18 40 00.0 1 BHZ
Q03C TA 2006 06 27 17 16 00.0 2006 06 27 18 40 00.0 1 BHZ
HELL TA 2006 07 02 03 53 00.0 2006 07 02 05 17 00.0 1 BHZ
Q03C TA 2006 07 02 03 53 00.0 2006 07 02 05 17 00.0 1 BHZ
HELL TA 2006 07 07 17 43 00.0 2006 07 07 19 06 00.0 1 BHZ
Q03C TA 2006 07 07 17 43 00.0 2006 07 07 19 06 00.0 1 BHZ
HELL TA 2006 07 09 04 16 00.0 2006 07 09 05 39 00.0 1 BHZ
Q03C TA 2006 07 09 04 16 00.0 2006 07 09 05 39 00.0 1 BHZ
HELL TA 2006 07 09 05 46 00.0 2006 07 09 07 10 00.0 1 BHZ
Q03C TA 2006 07 09 05 46 00.0 2006 07 09 07 10 00.0 1 BHZ
HELL TA 2006 08 04 07 45 00.0 2006 08 04 09 09 00.0 1 BHZ
Q03C TA 2006 08 04 07 45 00.0 2006 08 04 09 09 00.0 1 BHZ
HELL TA 2006 08 10 07 53 00.0 2006 08 10 09 16 00.0 1 BHZ
Q03C TA 2006 08 10 07 53 00.0 2006 08 10 09 16 00.0 1 BHZ
HELL TA 2006 08 14 14 15 00.0 2006 08 14 15 39 00.0 1 BHZ
Q03C TA 2006 08 14 14 15 00.0 2006 08 14 15 39 00.0 1 BHZ
HELL TA 2006 08 15 12 26 00.0 2006 08 15 13 49 00.0 1 BHZ
Q03C TA 2006 08 15 12 26 00.0 2006 08 15 13 49 00.0 1 BHZ
HELL TA 2006 08 22 16 51 00.0 2006 08 22 18 14 00.0 1 BHZ
Q03C TA 2006 08 22 16 51 00.0 2006 08 22 18 14 00.0 1 BHZ
HELL TA 2006 09 18 03 45 00.0 2006 09 18 05 09 00.0 1 BHZ
Q03C TA 2006 09 18 03 45 00.0 2006 09 18 05 09 00.0 1 BHZ
HELL TA 2006 09 26 02 25 00.0 2006 09 26 03 48 00.0 1 BHZ
Q03C TA 2006 09 26 02 25 00.0 2006 09 26 03 48 00.0 1 BHZ
HELL TA 2006 09 26 23 51 00.0 2006 09 27 01 15 00.0 1 BHZ
Q03C TA 2006 09 26 23 51 00.0 2006 09 27 01 15 00.0 1 BHZ
HELL TA 2006 09 27 08 04 00.0 2006 09 27 09 27 00.0 1 BHZ
Q03C TA 2006 09 27 08 04 00.0 2006 09 27 09 27 00.0 1 BHZ
HELL TA 2006 09 28 01 36 00.0 2006 09 28 03 00 00.0 1 BHZ
Q03C TA 2006 09 28 01 36 00.0 2006 09 28 03 00 00.0 1 BHZ
HELL TA 2006 09 28 23 56 00.0 2006 09 29 01 19 00.0 1 BHZ
Q03C TA 2006 09 28 23 56 00.0 2006 09 29 01 19 00.0 1 BHZ
HELL TA 2006 09 30 18 33 00.0 2006 09 30 19 56 00.0 1 BHZ
Q03C TA 2006 09 30 18 33 00.0 2006 09 30 19 56 00.0 1 BHZ
HELL TA 2006 10 01 00 04 00.0 2006 10 01 01 27 00.0 1 BHZ
Q03C TA 2006 10 01 00 04 00.0 2006 10 01 01 27 00.0 1 BHZ
HELL TA 2006 10 01 02 23 00.0 2006 10 01 03 47 00.0 1 BHZ
Q03C TA 2006 10 01 02 23 00.0 2006 10 01 03 47 00.0 1 BHZ
HELL TA 2006 10 01 09 06 00.0 2006 10 01 10 29 00.0 1 BHZ
Q03C TA 2006 10 01 09 06 00.0 2006 10 01 10 29 00.0 1 BHZ
HELL TA 2006 10 01 13 07 00.0 2006 10 01 14 30 00.0 1 BHZ
Q03C TA 2006 10 01 13 07 00.0 2006 10 01 14 30 00.0 1 BHZ
HELL TA 2006 10 02 07 09 00.0 2006 10 02 08 32 00.0 1 BHZ
Q03C TA 2006 10 02 07 09 00.0 2006 10 02 08 32 00.0 1 BHZ
HELL TA 2006 10 02 17 25 00.0 2006 10 02 18 49 00.0 1 BHZ
Q03C TA 2006 10 02 17 25 00.0 2006 10 02 18 49 00.0 1 BHZ
HELL TA 2006 10 03 17 10 00.0 2006 10 03 18 33 00.0 1 BHZ
Q03C TA 2006 10 03 17 10 00.0 2006 10 03 18 33 00.0 1 BHZ
HELL TA 2006 10 04 19 44 00.0 2006 10 04 21 07 00.0 1 BHZ
Q03C TA 2006 10 04 19 44 00.0 2006 10 04 21 07 00.0 1 BHZ
HELL TA 2006 10 13 05 21 00.0 2006 10 13 06 44 00.0 1 BHZ
Q03C TA 2006 10 13 05 21 00.0 2006 10 13 06 44 00.0 1 BHZ
HELL TA 2006 10 13 13 47 00.0 2006 10 13 15 10 00.0 1 BHZ
Q03C TA 2006 10 13 13 47 00.0 2006 10 13 15 10 00.0 1 BHZ
HELL TA 2006 10 19 08 52 00.0 2006 10 19 10 16 00.0 1 BHZ
Q03C TA 2006 10 19 08 52 00.0 2006 10 19 10 16 00.0 1 BHZ
HELL TA 2006 11 08 14 56 00.0 2006 11 08 16 20 00.0 1 BHZ
Q03C TA 2006 11 08 14 56 00.0 2006 11 08 16 20 00.0 1 BHZ
HELL TA 2006 11 08 20 47 00.0 2006 11 08 22 10 00.0 1 BHZ
Q03C TA 2006 11 08 20 47 00.0 2006 11 08 22 10 00.0 1 BHZ
HELL TA 2006 11 09 02 26 00.0 2006 11 09 03 49 00.0 1 BHZ
Q03C TA 2006 11 09 02 26 00.0 2006 11 09 03 49 00.0 1 BHZ
HELL TA 2006 11 10 06 33 00.0 2006 11 10 07 56 00.0 1 BHZ
Q03C TA 2006 11 10 06 33 00.0 2006 11 10 07 56 00.0 1 BHZ
HELL TA 2006 11 15 19 25 00.0 2006 11 15 20 48 00.0 1 BHZ
Q03C TA 2006 11 15 19 25 00.0 2006 11 15 20 48 00.0 1 BHZ
HELL TA 2006 11 15 21 22 00.0 2006 11 15 22 45 00.0 1 BHZ
Q03C TA 2006 11 15 21 22 00.0 2006 11 15 22 45 00.0 1 BHZ
HELL TA 2006 11 16 04 57 00.0 2006 11 16 06 20 00.0 1 BHZ
Q03C TA 2006 11 16 04 57 00.0 2006 11 16 06 20 00.0 1 BHZ
HELL TA 2006 11 16 05 34 00.0 2006 11 16 06 57 00.0 1 BHZ
Q03C TA 2006 11 16 05 34 00.0 2006 11 16 06 57 00.0 1 BHZ
HELL TA 2006 11 16 08 37 00.0 2006 11 16 10 00 00.0 1 BHZ
Q03C TA 2006 11 16 08 37 00.0 2006 11 16 10 00 00.0 1 BHZ
HELL TA 2006 11 17 04 09 00.0 2006 11 17 05 33 00.0 1 BHZ
Q03C TA 2006 11 17 04 09 00.0 2006 11 17 05 33 00.0 1 BHZ
HELL TA 2006 11 17 06 33 00.0 2006 11 17 07 57 00.0 1 BHZ
Q03C TA 2006 11 17 06 33 00.0 2006 11 17 07 57 00.0 1 BHZ
HELL TA 2006 11 17 08 32 00.0 2006 11 17 09 56 00.0 1 BHZ
Q03C TA 2006 11 17 08 32 00.0 2006 11 17 09 56 00.0 1 BHZ
HELL TA 2006 11 17 13 48 00.0 2006 11 17 15 11 00.0 1 BHZ
Q03C TA 2006 11 17 13 48 00.0 2006 11 17 15 11 00.0 1 BHZ
HELL TA 2006 11 17 17 12 00.0 2006 11 17 18 36 00.0 1 BHZ
Q03C TA 2006 11 17 17 12 00.0 2006 11 17 18 36 00.0 1 BHZ
HELL TA 2006 11 18 00 57 00.0 2006 11 18 02 20 00.0 1 BHZ
Q03C TA 2006 11 18 00 57 00.0 2006 11 18 02 20 00.0 1 BHZ
HELL TA 2006 11 18 02 35 00.0 2006 11 18 03 58 00.0 1 BHZ
Q03C TA 2006 11 18 02 35 00.0 2006 11 18 03 58 00.0 1 BHZ
HELL TA 2006 11 18 08 50 00.0 2006 11 18 10 14 00.0 1 BHZ
Q03C TA 2006 11 18 08 50 00.0 2006 11 18 10 14 00.0 1 BHZ
HELL TA 2006 11 18 18 54 00.0 2006 11 18 20 17 00.0 1 BHZ
Q03C TA 2006 11 18 18 54 00.0 2006 11 18 20 17 00.0 1 BHZ
HELL TA 2006 11 19 15 16 00.0 2006 11 19 16 40 00.0 1 BHZ
Q03C TA 2006 11 19 15 16 00.0 2006 11 19 16 40 00.0 1 BHZ
HELL TA 2006 11 20 23 05 00.0 2006 11 21 00 29 00.0 1 BHZ
Q03C TA 2006 11 20 23 05 00.0 2006 11 21 00 29 00.0 1 BHZ
HELL TA 2006 11 21 15 47 00.0 2006 11 21 17 10 00.0 1 BHZ
Q03C TA 2006 11 21 15 47 00.0 2006 11 21 17 10 00.0 1 BHZ
HELL TA 2006 11 21 23 30 00.0 2006 11 22 00 53 00.0 1 BHZ
Q03C TA 2006 11 21 23 30 00.0 2006 11 22 00 53 00.0 1 BHZ
HELL TA 2006 11 22 02 41 00.0 2006 11 22 04 04 00.0 1 BHZ
Q03C TA 2006 11 22 02 41 00.0 2006 11 22 04 04 00.0 1 BHZ
HELL TA 2006 11 22 09 58 00.0 2006 11 22 11 22 00.0 1 BHZ
Q03C TA 2006 11 22 09 58 00.0 2006 11 22 11 22 00.0 1 BHZ
HELL TA 2006 11 22 10 37 00.0 2006 11 22 12 00 00.0 1 BHZ
Q03C TA 2006 11 22 10 37 00.0 2006 11 22 12 00 00.0 1 BHZ
HELL TA 2006 11 22 23 09 00.0 2006 11 23 00 33 00.0 1 BHZ
Q03C TA 2006 11 22 23 09 00.0 2006 11 23 00 33 00.0 1 BHZ
HELL TA 2006 11 23 20 04 00.0 2006 11 23 21 28 00.0 1 BHZ
Q03C TA 2006 11 23 20 04 00.0 2006 11 23 21 28 00.0 1 BHZ
HELL TA 2006 11 23 22 59 00.0 2006 11 24 00 22 00.0 1 BHZ
Q03C TA 2006 11 23 22 59 00.0 2006 11 24 00 22 00.0 1 BHZ
HELL TA 2006 11 24 15 34 00.0 2006 11 24 16 57 00.0 1 BHZ
Q03C TA 2006 11 24 15 34 00.0 2006 11 24 16 57 00.0 1 BHZ
HELL TA 2006 11 24 21 02 00.0 2006 11 24 22 25 00.0 1 BHZ
Q03C TA 2006 11 24 21 02 00.0 2006 11 24 22 25 00.0 1 BHZ
HELL TA 2006 11 26 12 58 00.0 2006 11 26 14 21 00.0 1 BHZ
Q03C TA 2006 11 26 12 58 00.0 2006 11 26 14 21 00.0 1 BHZ
HELL TA 2006 11 28 08 01 00.0 2006 11 28 09 25 00.0 1 BHZ
Q03C TA 2006 11 28 08 01 00.0 2006 11 28 09 25 00.0 1 BHZ
HELL TA 2006 11 30 01 39 00.0 2006 11 30 03 03 00.0 1 BHZ
Q03C TA 2006 11 30 01 39 00.0 2006 11 30 03 03 00.0 1 BHZ
HELL TA 2006 12 02 23 36 00.0 2006 12 03 00 59 00.0 1 BHZ
Q03C TA 2006 12 02 23 36 00.0 2006 12 03 00 59 00.0 1 BHZ
HELL TA 2006 12 07 19 10 00.0 2006 12 07 20 33 00.0 1 BHZ
Q03C TA 2006 12 07 19 10 00.0 2006 12 07 20 33 00.0 1 BHZ
HELL TA 2006 12 12 22 32 00.0 2006 12 12 23 55 00.0 1 BHZ
Q03C TA 2006 12 12 22 32 00.0 2006 12 12 23 55 00.0 1 BHZ
HELL TA 2006 12 13 11 40 00.0 2006 12 13 13 04 00.0 1 BHZ
Q03C TA 2006 12 13 11 40 00.0 2006 12 13 13 04 00.0 1 BHZ
HELL TA 2006 12 17 08 41 00.0 2006 12 17 10 05 00.0 1 BHZ
Q03C TA 2006 12 17 08 41 00.0 2006 12 17 10 05 00.0 1 BHZ
HELL TA 2006 12 26 15 19 00.0 2006 12 26 16 43 00.0 1 BHZ
Q03C TA 2006 12 26 15 19 00.0 2006 12 26 16 43 00.0 1 BHZ
HELL TA 2006 12 30 22 34 00.0 2006 12 30 23 57 00.0 1 BHZ
Q03C TA 2006 12 30 22 34 00.0 2006 12 30 23 57 00.0 1 BHZ
HELL TA 2007 01 02 13 36 00.0 2007 01 02 15 00 00.0 1 BHZ
Q03C TA 2007 01 02 13 36 00.0 2007 01 02 15 00 00.0 1 BHZ
HELL TA 2007 01 07 08 01 00.0 2007 01 07 09 25 00.0 1 BHZ
Q03C TA 2007 01 07 08 01 00.0 2007 01 07 09 25 00.0 1 BHZ
HELL TA 2007 01 08 20 12 00.0 2007 01 08 21 35 00.0 1 BHZ
Q03C TA 2007 01 08 20 12 00.0 2007 01 08 21 35 00.0 1 BHZ
HELL TA 2007 01 10 18 19 00.0 2007 01 10 19 42 00.0 1 BHZ
Q03C TA 2007 01 10 18 19 00.0 2007 01 10 19 42 00.0 1 BHZ
HELL TA 2007 01 11 20 34 00.0 2007 01 11 21 58 00.0 1 BHZ
Q03C TA 2007 01 11 20 34 00.0 2007 01 11 21 58 00.0 1 BHZ
HELL TA 2007 01 13 04 23 00.0 2007 01 13 05 46 00.0 1 BHZ
Q03C TA 2007 01 13 04 23 00.0 2007 01 13 05 46 00.0 1 BHZ
HELL TA 2007 01 13 17 37 00.0 2007 01 13 19 00 00.0 1 BHZ
Q03C TA 2007 01 13 17 37 00.0 2007 01 13 19 00 00.0 1 BHZ
HELL TA 2007 01 13 19 37 00.0 2007 01 13 21 00 00.0 1 BHZ
Q03C TA 2007 01 13 19 37 00.0 2007 01 13 21 00 00.0 1 BHZ
HELL TA 2007 01 13 23 40 00.0 2007 01 14 01 03 00.0 1 BHZ
Q03C TA 2007 01 13 23 40 00.0 2007 01 14 01 03 00.0 1 BHZ
HELL TA 2007 01 14 05 22 00.0 2007 01 14 06 46 00.0 1 BHZ
Q03C TA 2007 01 14 05 22 00.0 2007 01 14 06 46 00.0 1 BHZ
HELL TA 2007 01 14 13 16 00.0 2007 01 14 14 39 00.0 1 BHZ
Q03C TA 2007 01 14 13 16 00.0 2007 01 14 14 39 00.0 1 BHZ
HELL TA 2007 01 15 01 18 00.0 2007 01 15 02 41 00.0 1 BHZ
Q03C TA 2007 01 15 01 18 00.0 2007 01 15 02 41 00.0 1 BHZ
HELL TA 2007 01 17 09 45 00.0 2007 01 17 11 09 00.0 1 BHZ
Q03C TA 2007 01 17 09 45 00.0 2007 01 17 11 09 00.0 1 BHZ
HELL TA 2007 01 29 12 37 00.0 2007 01 29 14 00 00.0 1 BHZ
Q03C TA 2007 01 29 12 37 00.0 2007 01 29 14 00 00.0 1 BHZ
HELL TA 2007 02 05 06 42 00.0 2007 02 05 08 06 00.0 1 BHZ
Q03C TA 2007 02 05 06 42 00.0 2007 02 05 08 06 00.0 1 BHZ
HELL TA 2007 02 05 13 35 00.0 2007 02 05 14 58 00.0 1 BHZ
Q03C TA 2007 02 05 13 35 00.0 2007 02 05 14 58 00.0 1 BHZ
HELL TA 2007 02 08 07 15 00.0 2007 02 08 08 38 00.0 1 BHZ
Q03C TA 2007 02 08 07 15 00.0 2007 02 08 08 38 00.0 1 BHZ
HELL TA 2007 02 12 20 33 00.0 2007 02 12 21 56 00.0 1 BHZ
Q03C TA 2007 02 12 20 33 00.0 2007 02 12 21 56 00.0 1 BHZ
HELL TA 2007 02 24 07 33 00.0 2007 02 24 08 56 00.0 1 BHZ
Q03C TA 2007 02 24 07 33 00.0 2007 02 24 08 56 00.0 1 BHZ
HELL TA 2007 02 24 10 31 00.0 2007 02 24 11 54 00.0 1 BHZ
Q03C TA 2007 02 24 10 31 00.0 2007 02 24 11 54 00.0 1 BHZ
HELL TA 2007 03 22 05 45 00.0 2007 03 22 07 09 00.0 1 BHZ
Q03C TA 2007 03 22 05 45 00.0 2007 03 22 07 09 00.0 1 BHZ
HELL TA 2007 03 29 21 07 00.0 2007 03 29 22 30 00.0 1 BHZ
Q03C TA 2007 03 29 21 07 00.0 2007 03 29 22 30 00.0 1 BHZ
HELL TA 2007 04 05 21 27 00.0 2007 04 05 22 50 00.0 1 BHZ
Q03C TA 2007 04 05 21 27 00.0 2007 04 05 22 50 00.0 1 BHZ
HELL TA 2007 04 08 03 21 00.0 2007 04 08 04 45 00.0 1 BHZ
Q03C TA 2007 04 08 03 21 00.0 2007 04 08 04 45 00.0 1 BHZ
HELL TA 2007 04 11 10 30 00.0 2007 04 11 11 54 00.0 1 BHZ
Q03C TA 2007 04 11 10 30 00.0 2007 04 11 11 54 00.0 1 BHZ
HELL TA 2007 05 09 07 50 00.0 2007 05 09 09 13 00.0 1 BHZ
Q03C TA 2007 05 09 07 50 00.0 2007 05 09 09 13 00.0 1 BHZ
HELL TA 2007 05 10 21 54 00.0 2007 05 10 23 18 00.0 1 BHZ
Q03C TA 2007 05 10 21 54 00.0 2007 05 10 23 18 00.0 1 BHZ
HELL TA 2007 05 11 21 37 00.0 2007 05 11 23 01 00.0 1 BHZ
Q03C TA 2007 05 11 21 37 00.0 2007 05 11 23 01 00.0 1 BHZ
HELL TA 2007 05 15 11 22 00.0 2007 05 15 12 45 00.0 1 BHZ
Q03C TA 2007 05 15 11 22 00.0 2007 05 15 12 45 00.0 1 BHZ
HELL TA 2007 07 08 18 54 00.0 2007 07 08 20 17 00.0 1 BHZ
Q03C TA 2007 07 08 18 54 00.0 2007 07 08 20 17 00.0 1 BHZ
HELL TA 2007 07 14 03 28 00.0 2007 07 14 04 52 00.0 1 BHZ
Q03C TA 2007 07 14 03 28 00.0 2007 07 14 04 52 00.0 1 BHZ
HELL TA 2007 08 02 03 21 00.0 2007 08 02 04 45 00.0 1 BHZ
Q03C TA 2007 08 02 03 21 00.0 2007 08 02 04 45 00.0 1 BHZ
HELL TA 2007 08 02 06 23 00.0 2007 08 02 07 46 00.0 1 BHZ
Q03C TA 2007 08 02 06 23 00.0 2007 08 02 07 46 00.0 1 BHZ
HELL TA 2007 08 10 11 47 00.0 2007 08 10 13 10 00.0 1 BHZ
Q03C TA 2007 08 10 11 47 00.0 2007 08 10 13 10 00.0 1 BHZ
HELL TA 2007 08 24 04 20 00.0 2007 08 24 05 43 00.0 1 BHZ
Q03C TA 2007 08 24 04 20 00.0 2007 08 24 05 43 00.0 1 BHZ
HELL TA 2007 09 16 21 16 00.0 2007 09 16 22 40 00.0 1 BHZ
Q03C TA 2007 09 16 21 16 00.0 2007 09 16 22 40 00.0 1 BHZ
